%YAML:1.0
---
model_type: PINHOLE
camera_name: camera
image_width: 640
image_height: 480
distortion_parameters:
   k1: 0.0
   k2: 0.0
   p1: 0.0
   p2: 0.0
projection_parameters:
   fx: 384.078857421875
   fy: 384.078857421875
   cx: 318.5214538574219
   cy: 239.8748321533203
